1779814772624 0.6966049579903484 4883
1779814777320 0.7659845753572881 4903
1779814780448 0.9237895697355271 4923
1779814783600 0.7353775717318058 4943
1779814786662 0.8037461340427399 4963
1779814789667 0.615697888378054 4983
1779814792696 0.6440826296806336 5003
1779814795671 0.6385584227740765 5023
1779814798648 0.7350980207324028 5043
1779814801720 0.6256671883165836 5063
1779814804694 0.7096302550286054 5083
1779814807703 0.7425389856100082 5103
1779814810927 0.6345206771045924 5123
1779814814444 0.6630363458767533 5143
1779814818432 0.6894143134355545 5163
1779814822083 0.6556742459535598 5183
1779814826008 0.6046355525963009 5203
1779814829736 0.6690001146867871 5223
1779814832972 0.6639959968626499 5243
1779814836211 0.642189410328865 5263
1779814839503 0.6187029898166656 5283
1779814842808 0.6271510642021895 5303
1779814879618 0.5432314883917571 5323
1779814881897 0.6233407482504845 5343
1779814884191 0.6633586391806603 5363
1779814886532 0.644508596137166 5383
1779814889750 0.636302575469017 5403
1779814893100 0.6638547968119383 5423
1779814896369 0.7090472918003797 5443
1779814899608 0.6365658417344093 5463
1779814902826 0.5549670923501253 5483
1779814906040 0.7018353790044785 5503
1779814909331 0.7032794743776322 5523
1779814912561 0.5791212497279048 5543
1779814915772 0.5928569163195789 5563
1779814918976 0.6546787735074758 5583
1779814922401 0.6353233713656664 5603
1779814925594 0.7144307494163513 5623
1779814928804 0.6760423079133033 5643
1779814932017 0.7257499918341637 5663
1779814935211 0.6355075557716191 5683
1779814938453 0.5479619196150451 5703
1779814941648 0.6797676514834166 5723
1779814944925 0.6289855173788965 5743
1779814948330 0.696979497373104 5763
1779814951596 0.7519269943237304 5783
1779814954751 0.657277494482696 5803
1779814957994 0.7367755860090256 5823
1779814961150 0.6829401832073927 5843
1779814964349 0.7313817198388278 5863
1779814967517 0.7723243266344071 5883
1779814970819 0.5894582895562053 5903
1779814973989 0.6815642565488815 5923
1779814977228 0.6650078684091568 5943
1779814980415 0.6101771377027034 5963
1779814983559 0.6838766142725945 5983
1779814986725 0.6006675899028778 6003
1779814989874 0.6812615938484669 6023
1779814993011 0.6673153642565012 6043
1779814996139 0.5564739195629954 6063
1779814999384 0.6327501565217972 6083
1779815061246 0.5521989971399307 6103
1779815063554 0.6157102674245835 6123
1779815065778 0.5692677978426218 6143
1779815068002 0.6604444928467273 6163
1779815070626 0.5784388199448586 6183
1779815073908 0.6600203912705183 6203
1779815077092 0.5641685649752617 6223
1779815080252 0.5850201919674873 6243
1779815083440 0.7312273427844047 6263
1779815086571 0.6024438237771392 6283
1779815089783 0.5718828468583524 6303
1779815093011 0.5835265491157771 6323
1779815096204 0.6910561505705118 6343
1779815099322 0.6378085166215897 6363
1779815102497 0.6456651479005814 6383
1779815105726 0.6354739725589752 6403
1779815108923 0.6351107992231846 6423
1779815112107 0.6152202464640141 6443
1779815115281 0.6786956116557121 6463
1779815118492 0.6416718414053321 6483
1779815121709 0.6674257040023803 6503
1779815182085 0.6582947105169297 6523
1779815306404 0.6250116862356663 6543
1779815308639 0.650282283872366 6563
1779815310870 0.6835836373269558 6583
1779815313115 0.6706061724573373 6603
1779815315339 0.5991873487830162 6623
1779815318141 0.6089682646095753 6643
1779815321397 0.6826439902186394 6663
1779815324589 0.5985047772526741 6683
1779815327825 0.7823781818151474 6703
1779815331036 0.5811273522675038 6723
1779815334262 0.6880889505147934 6743
1779815337493 0.6631034314632416 6763
1779815340760 0.6360341146588325 6783
1779815343945 0.5907336708158255 6803
1779815347140 0.6160945937037468 6823
1779815350467 0.6552733600139617 6843
1779815353712 0.5896513443440199 6863
1779815356891 0.5933413624763488 6883
1779815360147 0.6746288284659385 6903
1779815363336 0.6695972673594952 6923
1779815366537 0.6611431103199721 6943
1779815369709 0.6129616990685463 6963
1779815372930 0.6733694985508919 6983
1779815376117 0.6483043737709522 7003
1779815379300 0.6781833762302995 7023
1779815382488 0.6349512681365013 7043
1779815385669 0.6212497487664222 7063
1779815388827 0.5793768087401986 7083
1779815392071 0.6885033309459686 7103
1779815395240 0.560599422454834 7123
1779815398434 0.5857179164886475 7143
1779815522960 0.6457253351807595 7163
1779815525436 0.6654346987605095 7183
1779815528001 0.6935026660561562 7203
1779815531897 0.6374564610421658 7223
1779815535095 0.5808034233748913 7243
1779815538298 0.6490040633827447 7263
1779815541492 0.6347355056554079 7283
1779815544647 0.6822626776993275 7303
1779815547824 0.5894097600132226 7323
1779815551077 0.6622073501348495 7343
1779815554317 0.6499426037073135 7363
1779815557481 0.5816001604311168 7383
1779815560709 0.6475542522966862 7403
1779815563834 0.6088615961372852 7423
1779815567001 0.5731629017740488 7443
1779815570222 0.6217736072838307 7463
1779815573395 0.5654716446995736 7483
1779815576561 0.6586763888597489 7503
1779815579716 0.6049893666058779 7523
1779815582953 0.6136471673846244 7543
1779815586089 0.5756887253373861 7563
1779815589258 0.6462499372661114 7583
1779815592379 0.5802559569478035 7603
1779815595488 0.6740203570574522 7623
1779815598660 0.6277766138315201 7643
1779815601808 0.6145878823474049 7663
1779815604930 0.5901197552680969 7683
1779815608087 0.5829680539667607 7703
1779815611225 0.6999587789177895 7723
1779815614404 0.6041395593434572 7743
1779815617604 0.5876330360770226 7763
1779815620776 0.5868598598986864 7783
1779815624144 0.5790738802403211 7803
1779815627498 0.6013051234185696 7823
1779815630652 0.6829770535230637 7843
1779815633829 0.5831012178212405 7863
1779815637057 0.561622929573059 7883
1779815640183 0.5568717829883099 7903
1779815643346 0.6464474439620972 7923
1779815646487 0.6102616760879755 7943
1779815649628 0.5826979085803032 7963
1779815652773 0.6589807828888297 7983
1779815655904 0.6663059577345848 8003
1779815659019 0.6720769073814153 8023
1779815662149 0.7279682561755181 8043
1779815665284 0.6337413385510444 8063
1779815668417 0.657678434252739 8083
1779815671500 0.5693730235099792 8103
1779815674603 0.5144116153474897 8123
1779815677721 0.5986818447709084 8143
1779815680948 0.6624786810949445 8163
1779815684068 0.7154339406639337 8183
1779815687187 0.5289118155837059 8203
1779815690310 0.6813609600067139 8223
1779815693462 0.5993215057998895 8243
1779815696554 0.6536517944186926 8263
1779815699678 0.6295467529445886 8283
1779815702750 0.6884091585874558 8303
1779815705904 0.6778892025351524 8323
1779815709016 0.5674439053982496 8343
1779815712243 0.6582452080212533 8363
1779815715388 0.5983606349676848 8383
1779815718529 0.5375252807512879 8403
1779815722109 0.5782200828194618 8423
1779815725764 0.558030359633267 8443
1779815729341 0.6440775975584984 8463
1779815732748 0.6368130624294281 8483
1779815735855 0.6359483566135168 8503
1779815738990 0.588194414973259 8523
1779815742165 0.6365456342697143 8543
1779815745367 0.6609894216060639 8563
1779815748557 0.6189756415784359 8583
1779815751691 0.6089198417961598 8603
1779815754787 0.616762706078589 8623
1779815757865 0.6521651163697243 8643
1779815760988 0.5692171787843108 8663
1779815764092 0.6646970182657241 8683
1779815767180 0.5455382043495774 8703
1779815770293 0.6150456622242928 8723
1779815773397 0.6286622077226639 8743
1779815776547 0.6179938711225986 8763
1779815779638 0.6179357938468456 8783
1779815782814 0.67272422388196 8803
1779815785914 0.5535671189427376 8823
1779815789075 0.5953569918870926 8843
1779815792213 0.6391434378921985 8863
1779815795804 0.6124362356960773 8883
1779815799101 0.5916710667312145 8903
1779815802233 0.6749943269416689 8923
1779815805359 0.6271331004798413 8943
1779815808549 0.633398580364883 8963
1779815811683 0.598841005936265 8983
1779815814824 0.6339229039847851 9003
1779815817926 0.652531535923481 9023
1779815821011 0.5577659159898758 9043
1779815824183 0.7106064200401306 9063
1779815827340 0.649977492238395 9083
1779815830412 0.6347255326807499 9103
1779815833477 0.7114416006952524 9123
1779815836591 0.6957319170236588 9143
1779815839731 0.640989451110363 9163
1779815842897 0.5706850111484527 9183
1779815846002 0.6722473546862602 9203
1779815849122 0.6580374776385725 9223
1779815852341 0.5368531197309494 9243
1779815855481 0.5937854316085577 9263
1779815858637 0.45149990580976007 9283
1779815861726 0.6093602657318116 9303
1779815864845 0.6464499816298485 9323
1779815867942 0.6628643095493316 9343
1779815871143 0.6368374615907669 9363
1779815874290 0.687925024330616 9383
1779815877393 0.7019819557666779 9403
1779815880453 0.6382450325414538 9423
1779815883684 0.6621794164180755 9443
1779815886760 0.6069135963916779 9463
1779815889825 0.620221734791994 9483
1779815892940 0.6192698888480663 9503
1779815896024 0.6553340639919043 9523
1779815899097 0.5931561633944511 9543
1779815902220 0.5384194981306791 9563
1779815905382 0.6036519333720207 9583
1779815908461 0.6516575023531914 9603
1779815911552 0.5964155159890652 9623
1779815914656 0.6472029276192188 9643
1779815917709 0.6139441017061472 9663
1779815920796 0.6211819572374224 9683
1779815923951 0.6533532351255417 9703
1779815927026 0.5888637281954289 9723
1779816014582 0.63579071611166 9747
1779816019215 0.6493904784321785 9767
1779816022281 0.6249164655804634 9787
1779816025394 0.6574266962707043 9807
1779816028486 0.6977759543806314 9827
1779816031618 0.5680482968688011 9847
1779816034709 0.5664487980306149 9867
1779816037771 0.7369021221995353 9887
1779816040862 0.5414140457287431 9907
1779816043995 0.6182067409157753 9927
1779816047080 0.6297722820192575 9947
1779816050156 0.6793914392590523 9967
1779816053209 0.610164538770914 9987
1779816056268 0.6476985029876232 10007
1779816059441 0.6189205996692181 10027
1779816062506 0.6016258142888546 10047
1779816065621 0.6034222066402435 10067
1779816068672 0.5515166789293289 10087
1779816071721 0.5470829930156469 10107
1779816074775 0.5535177174955607 10127
1779816077801 0.5562598793767393 10147
1779816080824 0.6362292319536209 10167
1779816084351 0.5733377113938332 10187
1779816087401 0.5945081057026982 10207
1779816090470 0.6575757905840873 10227
1779816093676 0.5485408268868923 10247
1779816096801 0.5150630785152316 10267
1779816099860 0.6516273319721222 10287
1779816102906 0.6095509305596352 10307
1779816105928 0.6107010513544082 10327
1779816109098 0.6154200531542301 10347
1779816112183 0.5465203173458576 10367
1779816115240 0.648900031670928 10387
1779816118264 0.5178178699687124 10407
1779816121325 0.5144672458060086 10427
1779816124358 0.5653044151142239 10447
1779816127427 0.594696156680584 10467
1779816130465 0.5958547953516244 10487
1779816133556 0.7329125463962555 10507
1779816136691 0.6241905227303505 10527
1779816139778 0.6492669988423586 10547
1779816142898 0.6258755624294281 10567
1779816145993 0.5869382426142693 10587
1779816149058 0.5886303193867206 10607
1779816152208 0.5982534001581371 10627
1779816155252 0.5956178657710552 10647
1779816158868 0.5839309707283974 10667
1779816164260 0.6667446181178093 10687
1779816170209 0.589044525846839 10707
1779816173710 0.67026641741395 10727
1779816177183 0.7137664273381233 10747
1779816180153 0.5979403406381607 10767
1779816183054 0.6009916581213475 10787
1779816185936 0.588923392444849 10807
1779816189382 0.5974468737840652 10827
1779816192281 0.7195728629827499 10847
1779816195853 0.6348224610090256 10867
1779816199346 0.5983415950089693 10887
1779816202962 0.5686737142503262 10907
1779816206521 0.597211803495884 10927
1779816210025 0.6093543633818627 10947
1779816213547 0.5692983292043209 10967
1779816217069 0.6071631893515587 10987
1779816220569 0.6206428095698356 11007
1779816224089 0.6346001625061035 11027
1779816227598 0.6954249791800976 11047
1779816231188 0.5787347495555878 11067
1779816234756 0.6002409920096398 11087
1779816238314 0.6580582886934281 11107
1779816241797 0.5929322222247719 11127
1779816245367 0.6477725595235825 11147
1779816248957 0.6338004410266876 11167
1779816252471 0.6042294733226299 11187
1779816255977 0.579076161980629 11207
1779816259583 0.5864602103829384 11227
1779816263082 0.587914539128542 11247
1779816266691 0.6405736774206161 11267
1779816270209 0.5934296999126673 11287
1779816273782 0.6193411976099015 11307
1779816277367 0.5810048460960389 11327
1779816281002 0.5930008053779602 11347
1779816284505 0.6744352623820304 11367
1779816288028 0.620868419110775 11387
1779816291530 0.6106536883860827 11407
1779816295082 0.6464153595268727 11427
1779816298466 0.6324474468827248 11447
1779816302033 0.5994746753014624 11467
1779816305654 0.5965437397360802 11487
1779816309210 0.5428995545953512 11507
1779816312769 0.6199131653644144 11527
1779816316304 0.5362284734845162 11547
1779816319849 0.6366406321525574 11567
1779816323356 0.5566877588629723 11587
1779816326911 0.6329659283161163 11607
1779816330418 0.6104648247361183 11627
1779816333837 0.6733717288821935 11647
1779816337368 0.7025780647993087 11667
1779816340905 0.6639937207102775 11687
1779816344450 0.622584281861782 11707
1779816347773 0.6224545247852802 11727
1779816350895 0.6497046321630477 11747
1779816354727 0.6286316774785519 11767
1779816358310 0.5741445563733578 11787
1779816361827 0.6238507557660341 11807
1779816365396 0.6067257735878229 11827
1779816368924 0.550194451212883 11847
1779816372478 0.5492542318999767 11867
1779816376046 0.636506487429142 11887
1779816379610 0.6317048132419586 11907
1779816383195 0.5625492833554745 11927
1779816386769 0.6557285562157631 11947
1779816390342 0.6512207992374897 11967
1779816393957 0.6280216783285141 11987
1779816397498 0.5740738563239575 12007
1779816401071 0.6655837059020996 12027
1779816404660 0.5144211146049201 12047
1779816408212 0.6158473454415798 12067
1779816411766 0.6062632888555527 12087
1779816415268 0.5513826392590999 12107
1779816418767 0.6318720553070307 12127
1779816422284 0.5567472983151674 12147
1779816425896 0.5717561471275985 12167
1779816429429 0.5715855829417705 12187
1779816432982 0.5459390769712626 12207
1779816436231 0.5695268541574479 12227
1779816439571 0.5850124098360538 12247
1779816443133 0.6775378890335559 12267
1779816446698 0.5364125885069371 12287
1779816450215 0.4985620379447937 12307
1779816453793 0.5673742383718491 12327
1779816457368 0.6388745795935392 12347
1779816460942 0.6318090878427028 12367
1779816464586 0.6572207197546959 12387
1779816468184 0.7267103672027588 12407
1779816471766 0.504807841964066 12427
1779816475374 0.626433289796114 12447
1779816478922 0.6347700104117393 12467
1779816482484 0.6403661862015724 12487
1779816486056 0.6455011129379272 12507
1779816489605 0.5768131135031581 12527
1779816493223 0.6567584171891212 12547
1779816496826 0.6103449895977974 12567
1779816500457 0.5916098073124886 12587
1779816504124 0.5280755028128624 12607
1779816507749 0.6171891391277313 12627
1779816511442 0.6105832703411579 12647
1779816515114 0.6020865231752396 12667
1779816518651 0.6660971334204078 12687
1779816522240 0.5343982383608818 12707
1779816525804 0.6048291832208633 12727
1779816529464 0.6016712084412574 12747
1779816532805 0.5373428836464882 12767
1779816535947 0.6496357105672359 12787
1779816540001 0.6158625975251197 12807
1779816543605 0.6193144381046295 12827
1779816547220 0.6259948074817657 12847
1779816550898 0.6007809653878212 12867
1779816554555 0.6399933353066445 12887
1779816558247 0.5905219793319703 12907
1779816561942 0.6629986330866814 12927
1779816565621 0.6189415752887726 12947
1779816569263 0.5396977998316288 12967
1779816572927 0.6468396842479706 12987
1779816576645 0.6222628563642502 13007
1779816580317 0.5936704089865088 13027
1779816583987 0.7296183064579964 13047
1779816587774 0.609870558977127 13067
1779816591575 0.6518478184938431 13087
1779816595327 0.6529006034135818 13107
1779816599120 0.6029121518135071 13127
1779816602910 0.5419111728668213 13147
1779816606707 0.6259979091584682 13167
1779816610457 0.6322264783084393 13187
1779816614403 0.6216180622577667 13207
1779816618419 0.6535176828503608 13227
1779816621998 0.603777414560318 13247
1779816625421 0.6211149252951145 13267
1779816629517 0.6302092991769314 13287
1779816633542 0.5735507786273957 13307
1779816637516 0.6610540717840194 13327
1779816641520 0.5889611139893531 13347
1779816645597 0.6105518270283937 13367
1779816649624 0.6137565284967422 13387
1779816653687 0.605260550789535 13407
1779816657754 0.5285123076289893 13427
1779816661826 0.5498769618570805 13447
1779816665891 0.641861429810524 13467
1779816669967 0.6452850855886936 13487
1779816674108 0.609202191233635 13507
1779816678298 0.5915113598108291 13527
1779816682469 0.5522926107048989 13547
1779816686661 0.600245626270771 13567
1779816690855 0.6644956722855568 13587
1779816695203 0.670469101332128 13607
1779816699365 0.5417078634724021 13627
1779816703554 0.5952135479077697 13647
1779816707823 0.5900525744073093 13667
1779816712106 0.6379011549055577 13687
1779816716315 0.6447225762531161 13707
1779816719793 0.6110274642705917 13727
1779816724340 0.6597088798880577 13747
1779816728759 0.665830497443676 13767
1779816733110 0.5770753603428602 13787
1779816737536 0.7543975263834 13807
1779816741940 0.6125112112611533 13827
1779816746347 0.5976858539506793 13847
1779816750790 0.7223830163478852 13867
1779816755203 0.5172074135392905 13887
1779816759753 0.6406197175383568 13907
1779816764204 0.554831288009882 13927
1779816768696 0.6304902538657189 13947
1779816773244 0.665356395766139 13967
1779816777858 0.6177270784974098 13987
1779816782602 0.623852102458477 14007
1779816787406 0.6138304755091667 14027
1779816792174 0.6910298764705658 14047
1779816796811 0.5601972229778767 14067
1779816801560 0.6408376052975655 14087
1779816806375 0.615321533381939 14107
1779816811121 0.7239650901407003 14127
1779816815922 0.48224631138145924 14147
1779816820644 0.6200659781694412 14167
1779816825012 0.6681930534541607 14187
1779816828386 0.6218404524028301 14207
1779816832611 0.6092029891908168 14227
1779816836795 0.5438008248806 14247
1779816840908 0.6732208732515573 14267
1779816845028 0.6033038884401322 14287
1779816849208 0.6508735671639443 14307
1779816853483 0.6222141221165657 14327
1779816857824 0.6397787973284721 14347
1779816862715 0.5339885979890824 14367
1779816867183 0.6073938451707364 14387
1779816871638 0.6790640696883201 14407
1779816876022 0.5592031098902226 14427
1779816880544 0.6434062499552965 14447
1779816885084 0.6627389520406723 14467
1779816889961 0.6230744250118733 14487
1779816895045 0.5918824128806591 14507
1779816901205 0.6732830092310905 14527
1779816905811 0.623721444606781 14547
1779816910437 0.5875307470560074 14567
1779816915091 0.562745089456439 14587
1779817007638 0.5921439945697784 14611
1779817014266 0.5707250293344259 14631
1779817020522 0.5414729744195939 14651
1779817028711 0.7010675668716431 14671
1779817036314 0.6161457993090153 14691
1779817042829 0.4530518867075443 14711
1779817047878 0.6811764283105731 14731
1779817054460 0.48346284590661526 14751
1779817059473 0.6664742954075337 14771
1779817066150 0.5822256892919541 14791
1779817071662 0.5523773517459631 14811
1779817078708 0.5736436367034912 14831
1779817084265 0.6256345681846142 14851
1779817092009 0.5161304585635662 14871
1779817099445 0.7223117042332887 14891
1779817107109 0.6143528386950493 14911
1779817114973 0.6254343301057815 14931
1779817122695 0.6011051818728447 14951
1779817130627 0.5754095636308193 14971
1779817138507 0.5620744872838259 14991
1779817146174 0.5571697665378451 15011
1779817154123 0.5594669304788112 15031
1779817162089 0.5623798087239266 15051
1779817170421 0.5005386099219322 15071
1779817178173 0.5888474121689796 15091
1779817186275 0.6754569642245769 15111
1779817194164 0.6815371751785279 15131
1779817200915 0.5826274812221527 15151
1779817206820 0.5873513974249363 15171
1779817216696 0.5459650486707688 15191
1779817225066 0.544496177509427 15211
1779817233152 0.5827137805521488 15231
1779817241322 0.6546539450064301 15251
1779817249681 0.6042814880609513 15271
1779817258029 0.6512223944067955 15291
1779817266267 0.6485877357423305 15311
1779817274403 0.6243580237030983 15331
1779817282247 0.5675291031599045 15351
1779817290327 0.5005146972835064 15371
1779817298218 0.6771857298910617 15391
1779817306339 0.5879649586975575 15411
1779817314792 0.6191053211688995 15431
1779817323235 0.5896243490278721 15451
1779817331510 0.6008186027407646 15471
1779817340181 0.5795521944761276 15491
1779817348705 0.6517797790467739 15511
1779817357405 0.6644044533371926 15531
1779817365714 0.6509217366576194 15551
1779817374714 0.5989000961184502 15571
1779817383420 0.5797435991466046 15591
1779817391852 0.658032801747322 15611
1779817399535 0.6305390045046806 15631
1779817410447 0.6124104648828507 15651
1779817418963 0.5959330208599567 15671
1779817427290 0.6794632121920585 15691
1779817436192 0.53340017888695 15711
1779817444840 0.5354168478399515 15731
1779817454586 0.6518850266933441 15751
1779817463723 0.5717448219656944 15771
1779817472343 0.5159517971798777 15791
1779817481115 0.5871350049972535 15811
1779817493082 0.7104740388691425 15831
1779817501852 0.5905549645423889 15851
1779817511044 0.616449111327529 15871
1779817520197 0.6414005100727082 15891
1779817529210 0.5810785368084908 15911
1779817538214 0.5963896840810776 15931
1779817547426 0.4987926036119461 15951
1779817556495 0.4942464889958501 15971
1779817565502 0.6498498499393464 15991
1779817574746 0.6037756029516459 16011
1779817583960 0.6604298278689384 16031
1779817593249 0.6220285907387734 16051
1779817602534 0.5647008996456861 16071
1779817611911 0.6753542691469192 16091
1779817621144 0.49863282442092893 16111
1779817630402 0.6186336081475019 16131
1779817639756 0.6115806885063648 16151
1779817648767 0.6020093396306038 16171
1779817661008 0.636510270088911 16191
1779817673679 0.5937517806887627 16211
1779817685113 0.6935584016144276 16231
1779817693816 0.6240461684763432 16251
1779817703146 0.5788575291633606 16271
1779817711803 0.5350308075547219 16291
1779817720311 0.5741956800222396 16311
1779817728994 0.6160010546445847 16331
1779817737606 0.5921890571713447 16351
1779817746293 0.5530811239033937 16371
1779817754967 0.6262129783630371 16391
1779817763935 0.5475776471197605 16411
1779817772800 0.6132269859313965 16431
1779817781755 0.5662814602255821 16451
1779817790884 0.5886020905338227 16471
1779817799809 0.6203425087034702 16491
1779817808738 0.6027855105698109 16511
1779817817663 0.5235419854521751 16531
1779817826689 0.625087206158787 16551
1779817835714 0.6045597642660141 16571
1779817844780 0.598419614136219 16591
1779817853935 0.6417604103684426 16611
1779817863098 0.5710805628448725 16631
1779817872323 0.6597682267427445 16651
1779817881544 0.6654133170843124 16671
1779817891033 0.5948022656142712 16691
1779817900681 0.5759458474814891 16711
1779817909937 0.5737300090491771 16731
1779817919333 0.6589262679219245 16751
1779817928793 0.6091475497931242 16771
1779817938180 0.5831584267318248 16791
1779817947708 0.617915304005146 16811
1779817957454 0.595653073489666 16831
1779817967005 0.5528148822486401 16851
1779817976630 0.5323059801012278 16871
1779817986337 0.6046263869851828 16891
1779817996039 0.6386375069618225 16911
1779818005596 0.5509067624807358 16931
1779818015313 0.6409727320075035 16951
1779818026090 0.576421158388257 16971
1779818035831 0.6574651584029197 16991
1779818045537 0.5537880346179008 17011
1779818055397 0.6041574247181416 17031
1779818065332 0.5773155830800534 17051
1779818079205 0.5737337924540042 17071
1779818089653 0.633025874197483 17091
1779818099819 0.5840300343930721 17111
1779818110089 0.7138132989406586 17131
1779818120739 0.5675613075494766 17151
1779818131150 0.586303175240755 17171
1779818141533 0.6726806320250034 17191
1779818151833 0.6336727887392044 17211
1779818162300 0.567590919137001 17231
1779818172761 0.5899082481861114 17251
1779818183185 0.6003035724163055 17271
1779818193810 0.6045025989413262 17291
1779818204199 0.5598520077764988 17311
1779818214915 0.5836265586316586 17331
1779818225515 0.6270422860980034 17351
1779818236056 0.6096267983317375 17371
1779818247396 0.5858323521912098 17391
1779818258150 0.6446510121226311 17411
1779818269726 0.5594573393464088 17431
1779818280569 0.5489067775197327 17451
1779818291176 0.4979459345340729 17471
1779818302009 0.5827630624175072 17491
1779818312840 0.5659804284572602 17511
1779818323700 0.63375646751374 17531
1779818334515 0.6773999571800232 17551
1779818345494 0.6278650432825088 17571
1779818356493 0.6134444583207369 17591
1779818367500 0.6500947654247284 17611
1779818378609 0.6279806241393089 17631
1779818389849 0.6872265069745481 17651
1779818400906 0.6419474862515926 17671
1779818412034 0.7091016516089439 17691
1779818423295 0.5818296790122985 17711
1779818434478 0.5936310909688473 17731
1779818445767 0.6434462942183018 17751
1779818456973 0.6380707278847695 17771
1779818468352 0.5800046250224113 17791
1779818479762 0.6251943588256836 17811
1779818491519 0.6944471724331379 17831
1779818503151 0.6354560673236846 17851
1779818514702 0.5807569807395339 17871
1779818526792 0.6697083532810211 17891
1779818538600 0.6695890553295613 17911
1779818550185 0.5524413390085101 17931
1779818562053 0.5840142041444778 17951
1779818573713 0.624362351000309 17971
1779818585690 0.5942157808691263 17991
1779818597322 0.663000126183033 18011
1779818609066 0.6081017188727855 18031
1779818620828 0.5695119656622409 18051
1779818632709 0.6420316025614738 18071
1779818644494 0.5401043221354485 18091
1779818656170 0.6254132643342019 18111
1779818668479 0.63121857047081 18131
1779818680460 0.6559280753135681 18151
1779818692494 0.6022992078214884 18171
1779818704469 0.6053107026033103 18191
1779818717818 0.6470530211925507 18211
1779818730557 0.5832084812223911 18231
1779818743320 0.606011838465929 18251
1779818756209 0.5371887516230345 18271
1779818768413 0.6135618165135384 18291
1779818780753 0.5132254669442773 18311
1779818793156 0.5400934919714928 18331
1779818805461 0.5734290786087513 18351
1779818817685 0.5003159709274769 18371
1779818830060 0.5970148414373397 18391
1779818842501 0.6279881179332734 18411
1779818854916 0.5143478965386749 18431
1779818867378 0.7177765086293221 18451
1779818879953 0.5940457548946142 18471
1779818892570 0.5529555145651102 18491
1779818905180 0.5540064595639705 18511
1779818917956 0.5064090833067894 18531
1779818930666 0.5791479505598545 18551
1779818943500 0.6360245808959007 18571
1779818956276 0.6391299948096275 18591
1779818969388 0.6271524973213672 18611
1779818982416 0.6106487877666951 18631
1779818995775 0.5594580635428429 18651
1779819008441 0.6568481370806694 18671
1779819022307 0.5401356838643551 18691
1779819035517 0.5832276844419539 18711
1779819048875 0.5895600065588951 18731
1779819062248 0.564071387052536 18751
1779819075413 0.6422350853681564 18771
1779819088701 0.5575420551002026 18791
1779819102160 0.5601481288671494 18811
1779819115459 0.5601664673537016 18831
1779819128744 0.6377820760011673 18851
1779819142002 0.6418975785374641 18871
1779819155194 0.5728480484336614 18891
1779819169061 0.6179361864924431 18911
1779819182494 0.6185225561261177 18931
1779819195842 0.5687765128910541 18951
1779819209654 0.5934107922017574 18971
1779819223106 0.5875698193907738 18991
1779819236754 0.48205439150333407 19011
1779819268689 0.6172840401530266 19031
1779819348971 0.6102771699428559 19051
1779819362437 0.5942572765052319 19071
1779819376909 0.6281960606575012 19091
1779819394418 0.5759062163531781 19111
1779819409423 0.5630315192043781 19131
1779819423513 0.5762377444654703 19151
1779819437778 0.5452717654407024 19171
1779819451807 0.6647581785917283 19191
1779819466127 0.6161994015797972 19211
1779819482341 0.6290421158075332 19231
1779819498027 0.5912809344939888 19251
1779819513338 0.5412599535658955 19271
1779819528084 0.6521667458117009 19291
1779819543119 0.5724210668355226 19311
1779819557175 0.5731212615966796 19331
1779819570832 0.6445081055164337 19351
1779819584463 0.5383393671363592 19371
1779819598298 0.5615684032440186 19391
1779819612013 0.5768158853054046 19411
1779819625398 0.5242506928741932 19431
1779819639241 0.6586060591042042 19451
1779819851637 0.6478736013174057 19475
1779819865305 0.5796432986855506 19495
1779819879342 0.587095095962286 19515
1779819893368 0.6426025778055191 19535
1779819907425 0.587040002271533 19555
1779819921482 0.5700906984508037 19575
1779819935509 0.5890288293361664 19595
1779819949630 0.6306810609996318 19615
1779819963970 0.6171904921531677 19635
1779819978226 0.7185260891914368 19655
1779819992260 0.5519860178232193 19675
1779820006529 0.625757011026144 19695
1779820020657 0.5278570851311087 19715
1779820034515 0.5798722855746746 19735
1779820048826 0.6141416249796748 19755
1779820063094 0.5697295114398002 19775
1779820077850 0.5159177027642727 19795
1779820092651 0.6340346068143845 19815
1779820156115 0.5312893409281969 19835
1779820170612 0.6120170384645462 19855
1779820185128 0.6405633941292763 19875
1779820199518 0.5403128452599049 19895
1779820213915 0.5427468813955784 19915
1779820244552 0.5283818680793047 19935
1779820259220 0.6247491717338562 19955
1779820273675 0.6764723166823388 19975
1779820288240 0.6050215199589729 19995
1779820302943 0.5602092258632183 20015
1779820317396 0.549799070879817 20035
1779820331909 0.5379828222095966 20055
1779820346390 0.608191379904747 20075
1779820361034 0.6504145234823226 20095
1779820375953 0.6795632392168045 20115
1779820390423 0.5652854416519404 20135
1779820404903 0.6678847670555115 20155
1779820419565 0.5580875426530838 20175
1779820434130 0.5744941230863333 20195
1779820448718 0.5553575672209263 20215
1779820463118 0.6072229191660881 20235
1779820477696 0.6393219724297523 20255
1779820492851 0.5838443677872419 20275
1779820507437 0.5373818479478359 20295
1779820521920 0.49866403117775915 20315
1779820536569 0.6212531894445419 20335
1779820551118 0.5531424731016159 20355
1779820565697 0.5101329179480671 20375
1779820580332 0.5572386153042317 20395
1779820595299 0.5683254193514585 20415
1779820609966 0.6493769720196724 20435
1779820624254 0.5893023476004601 20455
1779820638816 0.5893551096320152 20475
1779820653495 0.59668600410223 20495
1779820668087 0.6212921395897866 20515
1779820682828 0.5023473929613829 20535
1779820713515 0.6618713654577733 20555
1779820728278 0.5350425977259874 20575
1779820743097 0.6161185532808304 20595
1779820758106 0.5922035299241543 20615
1779820773499 0.5852018544450402 20635
1779820788418 0.5713291652500629 20655
1779820804062 0.5907131865620613 20675
1779820818901 0.5623983055353164 20695
1779820833859 0.5649912104010582 20715
1779820848376 0.6400283060967922 20735
1779820863613 0.6174108326435089 20755
1779820879189 0.5939451321959496 20775
1779820894442 0.5271963553503156 20795
1779820909360 0.5863745357841254 20815
1779820924513 0.6304571144282818 20835
1779820981074 0.5922205142676831 20855
1779820995947 0.6222888112068177 20875
1779821011427 0.6626104161143302 20895
1779821026715 0.5125680835917592 20915
1779821042551 0.6179808579385281 20935
1779821058627 0.5796825096011162 20955
1779821074430 0.6524377442896366 20975
1779821089904 0.6668222710490227 20995
1779821105516 0.6084426432847977 21015
1779821121006 0.6099978256970644 21035
1779821136493 0.6580618813633918 21055
1779821151861 0.6382095713168383 21075
1779821167367 0.6238052725791932 21095
1779821182658 0.5095905596390367 21115
1779821198377 0.6442666731774807 21135
1779821228036 0.576167018711567 21155
1779821243394 0.5677227001637221 21175
1779821258639 0.49365941192954776 21195
1779821274155 0.596758495271206 21215
1779821289594 0.5877490989863873 21235
1779821305067 0.6071521788835526 21255
1779821320653 0.5867922618985176 21275
1779821336184 0.52669098675251 21295
1779821351871 0.5596879534423351 21315
1779821367349 0.6065182909369469 21335
1779821382976 0.592958158859983 21355
1779821398608 0.5948054306209087 21375
1779821414354 0.5852470345795154 21395
1779821430176 0.5663385178893805 21415
1779821446004 0.6160742044448853 21435
1779821461892 0.6263620018959045 21455
1779821477729 0.578783280402422 21475
1779821494046 0.5648764267563819 21495
1779821509804 0.5778887629508972 21515
1779821525742 0.6135179094970227 21535
1779821542053 0.6251838952302933 21555
1779821558125 0.6025762304663658 21575
1779821574397 0.5863692402839661 21595
1779821591496 0.5094888716936111 21615
1779821607549 0.6115774635225535 21635
1779821624126 0.6030650220811367 21655
1779821644389 0.5683211427181959 21675
1779821663593 0.64256531894207 21695
1779821679938 0.6183628857135772 21715
1779821696325 0.5589752085506916 21735
1779821712910 0.6048160336911679 21755
1779821729528 0.6061801001429558 21775
1779821747333 0.5399177342653274 21795
1779821763991 0.6504491478204727 21815
1779821780654 0.6470974996685982 21835
1779821797444 0.5112911604344845 21855
1779821814331 0.6456912823021412 21875
1779821831168 0.5492978848516941 21895
1779821851175 0.6083455041050911 21915
1779821868591 0.5928147189319134 21935
1779821885687 0.613771378993988 21955
1779821903253 0.6558087408542633 21975
1779821920791 0.5620883449912071 21995
1779821938212 0.6128080934286118 22015
1779821956215 0.6187218606472016 22035
1779821973324 0.5856284096837043 22055
1779821990429 0.5676243163645267 22075
1779822007904 0.6003935497254134 22095
1779822025760 0.6131604328751564 22115
1779822045228 0.5117755904793739 22135
1779822065122 0.5160355407744646 22155
1779822083018 0.47428875509649515 22175
1779822101225 0.6365195572376251 22195
1779822118505 0.5437222332693636 22215
1779822137565 0.547585804015398 22235
1779822154926 0.600851496309042 22255
1779822172383 0.5766521714627743 22275
1779822190042 0.5572531037032604 22295
1779822207924 0.5344447992742062 22315
1779822225039 0.5314003475010395 22335
1779822242340 0.509479390271008 22355
1779822259378 0.6239863656461239 22375
1779822276529 0.6585052490234375 22395
1779822293669 0.5451794385910034 22415
1779822311240 0.6369400531053543 22435
1779822328259 0.5831559747457504 22455
1779822345382 0.6157896377146244 22475
1779822362273 0.46145331114530563 22495
1779822379434 0.631954126060009 22515
1779822396771 0.6308198660612107 22535
1779822413836 0.6164628446102143 22555
1779822430732 0.565299192070961 22575
1779822448222 0.6062164969742299 22595
1779822465389 0.6122753128409386 22615
1779822483360 0.5668712727725506 22635
1779822501865 0.58216065838933 22655
1779822519379 0.47346238140016794 22675
1779822537168 0.5014312867075205 22695
1779822554849 0.5421126194298267 22715
1779822572513 0.5662229999899864 22735
1779822590414 0.5877528563141823 22755
1779822608175 0.5815598398447037 22775
1779822626061 0.5234062653034925 22795
1779822645031 0.5653244115412235 22815
1779822664157 0.5694185331463814 22835
1779822682915 0.6300869785249233 22855
1779822702016 0.6361547902226448 22875
1779822720041 0.619887150451541 22895
1779822737970 0.6280598148703576 22915
1779822756347 0.6645473428070545 22935
1779822774688 0.5954161990433932 22955
1779822792643 0.5490553639829159 22975
1779822810747 0.5697303341701627 22995
1779822828656 0.6211547136306763 23015
1779822846569 0.6195097669959069 23035
1779822864612 0.628552234172821 23055
1779822882619 0.594216275960207 23075
1779822900605 0.4720226164907217 23095
1779822918628 0.603721696138382 23115
1779822937042 0.6299315109848976 23135
1779822956865 0.6211769185960293 23155
1779822978659 0.6255676726810634 23175
1779823000134 0.6009979657828808 23195
1779823021564 0.5553706232458353 23215
1779823042104 0.6109956599771976 23235
1779823064194 0.6071875303983688 23255
1779823088069 0.6909208007156848 23275
1779823116397 0.5510464852675796 23295
1779823144866 0.5285020443610847 23315
1779823172592 0.5383051924407483 23335
1779823198480 0.623170006275177 23355
1779823222968 0.5698945268988609 23375
1779823243573 0.5874011803418397 23395
1779823262249 0.5855680912733078 23415
1779823280415 0.5981191319413484 23435
1779823298644 0.5656842865049839 23455
1779823316891 0.6118227317929268 23475
1779823335173 0.6184540588408709 23495
1779823353659 0.5562244147062302 23515
1779823371825 0.6178616583347321 23535
1779823389274 0.4821451589465141 23555
1779823407576 0.619263955950737 23575
1779823425767 0.5527887787669897 23595
1779823444119 0.5723506655544043 23615
1779823462347 0.5422701023519039 23635
1779823480702 0.6201811634004116 23655
1779823498997 0.6239200122654438 23675
1779823517221 0.5244076937437058 23695
1779823535754 0.5686841890215873 23715
1779823554230 0.6344884354621172 23735
1779823572352 0.5472281247377395 23755
1779823590923 0.6302705727517605 23775
1779823609581 0.5049052648246288 23795
1779823628226 0.5857894100248814 23815
1779823647056 0.5860303312540054 23835
1779823665803 0.6354400396347046 23855
1779823684962 0.6303001195192337 23875
1779823704129 0.5221187822520733 23895
1779823723230 0.6535314992070198 23915
1779823742275 0.602305705845356 23935
1779823760275 0.4816786803305149 23955
1779823779251 0.6413494661450386 23975
1779823798275 0.5280222296714783 23995
1779823817249 0.5582749340683222 24015
1779823838314 0.5633942116051912 24035
1779823857391 0.6454153098165989 24055
1779823876560 0.6551193475723267 24075
1779823896072 0.6190755307674408 24095
1779823915206 0.5656456500291824 24115
1779823934355 0.6043533720076084 24135
1779823952966 0.5319072231650352 24155
1779823972024 0.6267480969429016 24175
1779823990568 0.5234161406755448 24195
1779824009465 0.602355650998652 24215
1779824028640 0.5171053117141128 24235
1779824047686 0.6220370888710022 24255
1779824066838 0.605148509889841 24275
1779824086022 0.6531616762280464 24295
1779824105885 0.5913072943687439 24315
1779824449334 0.5901038691401481 24339
1779824468692 0.5774395003914833 24359
1779824487484 0.5313229642808437 24379
1779824506874 0.5691605925559997 24399
1779824526177 0.6755047403275967 24419
1779824545472 0.6225634783506393 24439
1779824564884 0.5805000185966491 24459
1779824584443 0.6491079971194267 24479
1779824603970 0.5945781409740448 24499
1779824623422 0.6257348880171776 24519
1779824642839 0.5412595234811306 24539
1779824662239 0.593296566605568 24559
1779824681619 0.6598791301250457 24579
1779824701163 0.5294486597180367 24599
1779824720612 0.535285472124815 24619
1779824742261 0.5942775096744299 24639
1779824761963 0.5508545592427254 24659
1779824781906 0.6387863047420979 24679
1779824801954 0.6895057626068593 24699
1779824821566 0.5998207658529282 24719
1779824841002 0.5623022586107254 24739
1779824860882 0.6026359416544438 24759
1779824880505 0.5625953480601311 24779
1779824900141 0.6049261555075646 24799
1779824919761 0.5738016769289971 24819
1779824939379 0.5715972796082497 24839
1779824959109 0.5812880147248507 24859
1779824978737 0.5914652362465859 24879
1779824998538 0.5607526954263449 24899
1779825018240 0.6620051696896553 24919
1779825038007 0.5538733899593353 24939
1779825057822 0.5834111273288727 24959
1779825077757 0.4859258338809013 24979
1779825098369 0.6901187479496003 24999
1779825118977 0.6054843783378601 25019
1779825138259 0.5739354297518731 25039
1779825158489 0.5856358349323273 25059
1779825178820 0.5507687371224165 25079
1779825198560 0.6389330625534058 25099
1779825218398 0.5612833242863416 25119
1779825238806 0.5585742969065904 25139
1779825258532 0.5080250397324562 25159
1779825278387 0.6091855585575103 25179
1779825298309 0.605411247164011 25199
1779825318087 0.529244863986969 25219
1779825337965 0.6030673965811729 25239
1779825358006 0.6109822556376457 25259
1779825378170 0.5795954287052154 25279
1779825397874 0.5408334463834763 25299
1779825417745 0.5829091116786003 25319
1779825437204 0.5683834798634052 25339
1779825457562 0.6075924381613731 25359
1779825477584 0.5524540323764086 25379
1779825497513 0.6495123274624348 25399
1779825517404 0.6058528132736682 25419
1779825537337 0.5503775279968977 25439
1779825557198 0.5514885395765304 25459
1779825577161 0.6103054620325565 25479
1779825596565 0.6201058566570282 25499
1779825616553 0.6016077749431133 25519
1779825636805 0.5672283787280321 25539
1779825656886 0.5152693569660187 25559
1779825676830 0.624946340918541 25579
1779825697280 0.5693649426102638 25599
1779825717119 0.5999818637967109 25619
1779825737183 0.5368179697543383 25639
1779825757487 0.5813161805272102 25659
1779825777888 0.52615284640342 25679
1779825798102 0.5017414957284927 25699
1779825818434 0.6343056678771972 25719
1779825838642 0.6043366104364395 25739
1779825858565 0.5531773444265127 25759
1779825878515 0.5932072445750236 25779
1779825898437 0.5914474926888943 25799
1779825918466 0.5789961576461792 25819
1779825938312 0.6128249157220125 25839
1779825957972 0.6339615769684315 25859
1779825977682 0.5881400927901268 25879
1779825997219 0.48145136423408985 25899
1779826016920 0.519479650259018 25919
1779826036687 0.6114694617688656 25939
1779826056538 0.5955317713320255 25959
1779826076483 0.548612667247653 25979
1779826096351 0.6263761222362518 25999
1779826116106 0.7000025257468223 26019
1779826135933 0.6161192931234837 26039
1779826155926 0.6105213068425656 26059
1779826175753 0.5460061158984899 26079
1779826195100 0.5931382797658443 26099
1779826214868 0.6020432099699974 26119
1779826234729 0.633498278260231 26139
1779826254532 0.6288467548787594 26159
1779826274545 0.5462808102369309 26179
1779826294664 0.5908433273434639 26199
1779826314075 0.5633624017238616 26219
1779826334167 0.6035556148737669 26239
1779826354251 0.565140588581562 26259
1779826374185 0.5807844206690789 26279
1779826394088 0.5838855350390076 26299
1779826413983 0.5559332378208637 26319
1779826433885 0.5941997267305851 26339
1779826453662 0.7172301076352596 26359
1779826473549 0.6453937724232673 26379
1779826493212 0.6244359537959099 26399
1779826513106 0.5850930452346802 26419
1779826534463 0.6269877903163433 26439
1779826554791 0.5847515165805817 26459
1779826574732 0.6011294975876809 26479
1779826595249 0.5394728556275368 26499
1779826615364 0.5740290477871894 26519
1779826635305 0.577596977353096 26539
1779826655129 0.5059213943779468 26559
1779826675165 0.5954250738024711 26579
1779826695214 0.610467616841197 26599
1779826715324 0.5894893258810043 26619
1779826735149 0.5155106378719211 26639
1779826754997 0.566765196621418 26659
1779826774744 0.48593227472156286 26679
1779826794532 0.5867961809039116 26699
1779826814177 0.5782559752464295 26719
1779826833875 0.6257778003811836 26739
1779826853575 0.5854970466345548 26759
1779826873409 0.5785944625735283 26779
1779826893139 0.5563852488994598 26799
1779826912847 0.5437409564852714 26819
1779826932496 0.6186394199728966 26839
1779826951717 0.5834046684205532 26859
1779826971689 0.5651180952787399 26879
1779826991441 0.6365142829716206 26899
1779827011183 0.5247933357954025 26919
1779827030795 0.5991067726165056 26939
1779827050415 0.48536834940314294 26959
1779827069621 0.5914551213383674 26979
1779827089244 0.5959857489913702 26999
1779827108804 0.6374220833182335 27019
1779827128314 0.5657606527209282 27039
1779827147899 0.5692866399884224 27059
1779827167631 0.5408404991030693 27079
1779827187340 0.5566522618755698 27099
1779827207115 0.5920958615839481 27119
1779827227668 0.5713880589231849 27139
1779827247262 0.5698614537715911 27159
1779827267058 0.6403738260269165 27179
1779827286666 0.5783069416880607 27199
1779827306318 0.6578208923339843 27219
1779827325899 0.5213656753301621 27239
1779827345602 0.5961125798523426 27259
1779827365117 0.6383498430252075 27279
1779827384869 0.5568096384406089 27299
1779827404596 0.5835428908467293 27319
1779827425419 0.6137164697051049 27339
1779827445828 0.5826827228069306 27359
1779827465514 0.6417215704917908 27379
1779827485186 0.6311614356935025 27399
1779827505415 0.5465305454097689 27419
1779827525068 0.47823596708476546 27439
1779827544567 0.5280273396521806 27459
1779827564435 0.6048642940819263 27479
1779827584961 0.6184629999101162 27499
1779827604862 0.5692872315645218 27519
1779827624719 0.51650370657444 27539
1779827644631 0.6006835497915745 27559
1779827664538 0.5721575941890478 27579
1779827684194 0.5358061753213406 27599
1779827704234 0.6171797111630439 27619
1779827724005 0.5479855075478554 27639
1779827743593 0.537335243076086 27659
1779827763284 0.489603069704026 27679
1779827782776 0.60136176943779 27699
1779827802316 0.5912711888551712 27719
1779827821699 0.635050804913044 27739
1779827841178 0.5567113101482392 27759
1779827860772 0.5652175515890121 27779
1779827880345 0.5704778131097555 27799
1779827899875 0.6268321327865124 27819
1779827919370 0.5973775714635849 27839
1779827938725 0.6630001395940781 27859
1779827958175 0.583361840993166 27879
1779827977571 0.602912823855877 27899
1779827996983 0.5610104447230697 27919
1779828016283 0.5711367949843407 27939
1779828035628 0.5105669438838959 27959
1779828055069 0.5892929583787918 27979
1779828074723 0.6218562588095665 27999
1779828094130 0.6528700456023216 28019
1779828113349 0.5546061404049396 28039
1779828132569 0.5871678687632084 28059
1779828151709 0.5555757448077202 28079
1779828170944 0.6440868362784385 28099
1779828190156 0.49017341490834954 28119
1779828209252 0.5932771250605583 28139
1779828227971 0.4732593078166246 28159
1779828247072 0.5708742678165436 28179
1779828266268 0.5452960360795259 28199
1779828285495 0.583864937722683 28219
1779828304857 0.6578436389565467 28239
1779828324080 0.44389926344156266 28259
1779828343528 0.5994914902374149 28279
1779828362709 0.578176686167717 28299
1779828381617 0.550444558262825 28319
1779828401743 0.5940592210739851 28339
1779828421064 0.5626927271485329 28359
1779828440278 0.5963770553469658 28379
1779828459855 0.6103913240134716 28399
1779828479571 0.6076332166790962 28419
1779828498665 0.6088821738958359 28439
1779828518406 0.6565246537327767 28459
1779828538092 0.6124913558363915 28479
1779828557759 0.5737031854689121 28499
1779828576917 0.5691726222634316 28519
1779828596527 0.5827745161950588 28539
1779828616155 0.6584141716361046 28559
1779828635718 0.47573315538465977 28579
1779828655207 0.5491906058043241 28599
1779828674827 0.5710170425474643 28619
1779828694397 0.6215033121407032 28639
1779828713864 0.5910593405365944 28659
1779828733484 0.5330496581271291 28679
1779828752967 0.5092794470489025 28699
1779828772965 0.5383213682100176 28719
1779828792635 0.6099493637681007 28739
1779828812241 0.5403668828308582 28759
1779828832262 0.5886354818940163 28779
1779828852240 0.6482933312654495 28799
1779828871740 0.6107824496924877 28819
1779828891436 0.6597212567925453 28839
1779828911060 0.5800679005682469 28859
1779828930613 0.5228098005056381 28879
1779828950350 0.5680377829819918 28899
1779828970216 0.6789645567536354 28919
1779828990180 0.6132109947502613 28939
1779829010137 0.5568227052688599 28959
1779829030065 0.6093574091792107 28979
1779829049975 0.6241521023213863 28999
1779829069663 0.6217899911105633 29019
1779829090257 0.5582291476428509 29039
1779829110932 0.5955418460071087 29059
1779829131629 0.6089187547564506 29079
1779829151634 0.6461474612355232 29099
1779829171405 0.6044847249984742 29119
1779829191715 0.5994558095932007 29139
1779829212751 0.6065501779317856 29159
1779829236492 0.5786729421466589 29179
